23.57689857 38.79899979
23.61557007 38.79899979
23.65424156 38.79899979
23.69291306 38.79899979
23.73158455 38.79899979
23.77025604 38.79899979
23.80892754 38.79899979
23.84759903 38.79899979
23.88627052 38.79899979
23.92494202 38.79899979
23.96361351 38.79899979
24.00228500 38.79899979
24.04095650 38.79899979
24.07962799 38.79899979
24.11829948 38.79899979
24.15697098 38.79899979
24.19564247 38.79899979
24.23431396 38.79899979
24.27298546 38.79899979
24.31165695 38.79899979
24.35032845 38.79899979
24.38899994 38.79899979
24.42767143 38.79899979
24.46634293 38.79899979
24.50501442 38.79899979
24.54368591 38.79899979
