163425
163424
163423
163422
163421
163420
163419
163418
163417
163416
163415
163414
163413
163412
163411
163410
163409
163408
163407
163406
163405
163404
163403
163402
163401
163400
163399
163398
163397
163396
163395
163394
163393
163392
163391
163390
163389
163388
163387
163386
163385
163384
163383
163382
163381
163380
163379
163378
163377
163376
163375
163374
163373
163372
163371
163370
163369
163368
163367
163366
163365
163364
163363
163362
163361
163360
163359
163358
163357
163356
163355
163354
163353
163352
163351
163350
163349
163348
163347
163346
163345
163344
163343
163342
163341
163340
163339
163338
163337
163336
163335
163334
