29.162651 41.259175
29.153065 41.247313
29.142741 41.234710
29.133893 41.227296
29.127625 41.223590
29.122832 41.218400
29.119514 41.211728
29.114721 41.206538
29.109191 41.200607
29.104766 41.198383
29.098130 41.193194
29.094443 41.191711
29.090019 41.189487
29.084857 41.185039
29.079695 41.177625
29.073059 41.173177
29.067897 41.168729
29.062736 41.168729
29.062367 41.165022
29.057574 41.162798
29.056099 41.158349
29.057574 41.154643
29.059786 41.149453
29.061630 41.146488
29.063473 41.143522
29.065685 41.140557
29.069372 41.137591
29.070847 41.135367
29.076009 41.133884
29.086332 41.124988
29.085226 41.121281
29.082276 41.116833
29.079695 41.113868
29.072322 41.112385
29.067160 41.108678
29.063104 41.106454
29.060524 41.102747
29.060524 41.099782
29.060524 41.095333
29.062367 41.090885
29.062736 41.087920
29.061261 41.082730
29.059786 41.081989
29.056837 41.080506
29.053887 41.078282
29.050569 41.073834
29.049832 41.067903
29.048725 41.062713
29.047251 41.056783
29.045039 41.050852
29.042458 41.050110
29.038402 41.049369
29.033978 41.047145
29.029554 41.044179
29.024392 41.040473
29.021811 41.041214
29.019230 41.036024
29.013700 41.033059
29.008170 41.030835
29.001533 41.027869
28.996003 41.027128
28.994897 41.019714
28.993422 41.015266
28.993053 41.005628
28.993422 40.995249
28.990841 40.988577
28.987892 40.977457
28.980149 40.967077
28.969088 40.954474
28.958028 40.935940
28.954767 40.928620
28.953928 40.919661
28.955886 40.910370
28.957844 40.905061
28.958124 40.898756
28.958124 40.892119
28.957200 40.885200
28.953000 40.874900
28.947800 40.870000
28.942200 40.850300
28.929800 40.817400
28.882800 40.793600
28.856100 40.785100
28.837800 40.805900
28.812500 40.803100
28.762300 40.801300
28.737100 40.800500
28.723600 40.822000
28.686000 40.841200
28.663100 40.839000
28.652100 40.815400
28.663900 40.796300
28.654900 40.774600
28.621600 40.770700
28.589700 40.759400
28.558400 40.750300
28.535800 40.771900
28.513300 40.791200
28.491100 40.809800
28.484800 40.825300
28.469300 40.827100
28.460000 40.840800
28.443800 40.835600
28.427400 40.840700
28.403600 40.859100
28.388300 40.847600
28.374400 40.857600
28.358000 40.855900
28.326700 40.839200
28.300600 40.861800
28.263100 40.870400
28.227100 40.862200
28.205400 40.866800
28.190100 40.849700
28.167700 40.854800
28.149500 40.838700
28.122800 40.845100
28.100200 40.829600
28.073800 40.840600
28.050400 40.825600
27.993900 40.803800
27.970200 40.797700
27.933900 40.792900
27.899400 40.816100
27.876300 40.819500
27.836900 40.831200
27.808200 40.850700
27.774400 40.860700
27.739400 40.868700
27.717800 40.866200
27.686100 40.846300
27.636200 40.838600
27.613100 40.831500
27.608000 40.810100
27.583400 40.806000
27.575100 40.786800
27.550300 40.782700
27.544400 40.763700
27.523600 40.756900
27.490800 40.737300
27.478800 40.725500
27.454600 40.701800
27.442700 40.694100
27.441000 40.682900
27.430300 40.679000
27.427900 40.669600
27.418900 40.666600
27.417000 40.657600
27.408400 40.654500
27.401000 40.660900
27.392400 40.657500
27.376900 40.658100
27.376200 40.649700
27.368300 40.646300
27.353800 40.640300
27.347000 40.637700
27.338900 40.627400
27.330600 40.617700
27.321900 40.610400
27.309000 40.605800
27.302500 40.603500
27.288800 40.599600
27.281600 40.597600
27.267500 40.592900
27.261300 40.590400
27.251400 40.583500
27.247400 40.578400
27.237300 40.573400
27.230500 40.573700
27.226700 40.567600
27.219900 40.567700
27.205900 40.567700
27.198900 40.567700
27.195400 40.561600
27.185100 40.555600
27.175200 40.549500
27.165500 40.543400
27.158900 40.543300
27.149100 40.537500
27.139300 40.531800
27.129400 40.526000
27.126000 40.520200
27.119300 40.520100
27.106000 40.519800
27.099400 40.519800
27.089200 40.513800
27.079100 40.508000
27.075700 40.502200
27.069800 40.502300
27.065800 40.497100
27.057900 40.485800
27.055600 40.479700
27.049600 40.476000
27.045500 40.477600
27.037000 40.474800
27.031700 40.472300
27.021000 40.470400
27.016200 40.468200
27.007000 40.462200
26.997100 40.462200
26.992100 40.459300
26.987100 40.462200
26.982100 40.459400
26.977100 40.462300
26.972100 40.459500
26.967100 40.462400
26.962100 40.459600
26.957100 40.462500
26.952000 40.459700
26.942000 40.454000
26.932100 40.454200
26.927200 40.451500
26.918000 40.445900
26.913600 40.442700
26.903800 40.441100
26.898700 40.441800
26.890800 40.443400
26.878433 40.445482
26.865327 40.445225
26.847180 40.444711
26.830041 40.442913
26.806517 40.438290
26.782321 40.436236
26.759469 40.435979
26.751067 40.429558
26.740313 40.424164
26.729895 40.419541
26.720486 40.415175
26.710404 40.409268
26.702002 40.403361
26.692593 40.395656
26.688224 40.390776
26.680831 40.384098
26.674110 40.376907
26.667388 40.370229
26.660331 40.363808
26.651985 40.356551
26.647461 40.348396
26.636404 40.338758
26.628363 40.332827
26.625850 40.327638
26.601223 40.313552
26.576093 40.303914
26.567046 40.297983
26.557999 40.295759
26.552471 40.291021
26.548953 40.286121
26.524828 40.269811
26.522818 40.268329
26.515279 40.263881
26.506232 40.257208
26.503719 40.255726
26.484621 40.243864
26.470548 40.236450
26.461501 40.231261
26.456475 40.225330
26.449942 40.217916
26.440895 40.211985
26.423807 40.209020
26.411242 40.207537
26.400185 40.204571
26.390133 40.202347
26.393148 40.205313
26.380584 40.191227
26.378573 40.182330
26.379578 40.180106
26.384604 40.167503
26.389630 40.160831
26.390635 40.151935
26.390133 40.143780
26.386615 40.139331
26.380584 40.134142
26.362993 40.123021
26.354449 40.114866
26.345402 40.109677
26.337360 40.100039
26.333842 40.091884
26.330324 40.081505
26.326303 40.067419
26.321277 40.057040
26.305194 40.048885
26.295645 40.041471
26.287101 40.037023
26.277552 40.033316
26.258956 40.031834
26.244883 40.031092
26.231313 40.031092
26.218748 40.029609
26.203168 40.029609
26.185577 40.029609
26.172007 40.030351
26.161955 40.034058
26.154416 40.036282
26.151400 40.034799
26.150898 40.062229
