29.2608 41.3732
29.2608 41.3732
29.2567 41.3675
29.2496 41.3679
29.2457 41.3624
29.2375 41.3518
29.2335 41.3463
29.2260 41.3346
29.2235 41.3286
29.2163 41.3207
29.2109 41.3184
29.2002 41.3126
29.1944 41.3084
29.1933 41.3011
29.1874 41.2976
29.1865 41.2922
29.1816 41.2904
29.1804 41.2845
29.1751 41.2832
29.1663 41.2781
29.1574 41.2739
29.1542 41.2691
29.1482 41.2601
29.1455 41.2560
29.1472 41.2516
29.1445 41.2485
29.1450 41.2448
29.1473 41.2422
29.1462 41.2381
29.1433 41.2377
29.1421 41.2346
29.1394 41.2345
29.1367 41.2324
29.1360 41.2310
29.1347 41.2309
29.1328 41.2299
29.1322 41.2289
29.1312 41.2289
29.1297 41.2283
29.1286 41.2276
29.1281 41.2270
29.1279 41.2261
29.1277 41.2253
29.1272 41.2246
29.1270 41.2244
29.1267 41.2238
29.1266 41.2232
29.1266 41.2226
29.1263 41.2223
29.1263 41.2217
29.1259 41.2212
29.1257 41.2209
29.1258 41.2206
29.1256 41.2203
29.1256 41.2197
29.1252 41.2192
29.1251 41.2189
29.1249 41.2188
29.1250 41.2185
29.1245 41.2182
29.1243 41.2179
29.1238 41.2177
29.1239 41.2173
29.1234 41.2171
29.1232 41.2168
29.1233 41.2165
29.1231 41.2162
29.1226 41.2160
29.1222 41.2154
29.1220 41.2152
29.1216 41.2146
29.1214 41.2144
29.1210 41.2138
29.1205 41.2135
29.1203 41.2133
29.1202 41.2127
29.1199 41.2127
29.1197 41.2124
29.1198 41.2121
29.1196 41.2118
29.1192 41.2113
29.1190 41.2110
29.1191 41.2107
29.1189 41.2104
29.1185 41.2098
29.1183 41.2095
29.1183 41.2089
29.1179 41.2090
29.1177 41.2087
29.1173 41.2081
29.1171 41.2079
29.1167 41.2073
29.1166 41.2071
29.1163 41.2065
29.1163 41.2062
29.1159 41.2057
29.1156 41.2052
29.1153 41.2051
29.1153 41.2047
29.1149 41.2042
29.1146 41.2037
29.1143 41.2035
29.1140 41.2030
29.1140 41.2027
29.1137 41.2025
29.1131 41.2026
29.1128 41.2027
29.1122 41.2028
29.1116 41.2028
29.1113 41.2023
29.1109 41.2021
29.1103 41.2018
29.1100 41.2016
29.1094 41.2013
29.1091 41.2012
29.1088 41.2007
29.1085 41.2002
29.1079 41.1998
29.1075 41.1997
29.1073 41.1999
29.1069 41.1997
29.1063 41.1994
29.1060 41.1992
29.1057 41.1994
29.1054 41.1992
29.1048 41.1993
29.1042 41.1989
29.1039 41.1984
29.1036 41.1983
29.1030 41.1980
29.1027 41.1978
29.1020 41.1975
29.1017 41.1973
29.1014 41.1968
29.1014 41.1965
29.1011 41.1963
29.1005 41.1960
29.1002 41.1955
29.0999 41.1953
29.0992 41.1950
29.0989 41.1948
29.0983 41.1945
29.0980 41.1940
29.0977 41.1935
29.0974 41.1933
29.0968 41.1930
29.0964 41.1929
29.0964 41.1925
29.0961 41.1920
29.0958 41.1918
29.0955 41.1913
29.0949 41.1910
29.0946 41.1908
29.0942 41.1903
29.0936 41.1900
29.0933 41.1899
29.0930 41.1894
29.0924 41.1890
29.0921 41.1889
29.0918 41.1884
29.0917 41.1880
29.0914 41.1879
29.0908 41.1875
29.0905 41.1874
29.0902 41.1869
29.0896 41.1869
29.0896 41.1866
29.0893 41.1864
29.0890 41.1859
29.0883 41.1856
29.0880 41.1854
29.0880 41.1851
29.0877 41.1849
29.0877 41.1846
29.0874 41.1840
29.0871 41.1835
29.0867 41.1834
29.0867 41.1830
29.0864 41.1829
29.0861 41.1824
29.0858 41.1819
29.0855 41.1814
29.0854 41.1810
29.0854 41.1803
29.0851 41.1798
29.0851 41.1795
29.0848 41.1793
29.0847 41.1789
29.0844 41.1788
29.0844 41.1784
29.0841 41.1783
29.0838 41.1778
29.0835 41.1773
29.0835 41.1769
29.0832 41.1768
29.0826 41.1768
29.0820 41.1768
29.0820 41.1765
29.0816 41.1763
29.0810 41.1760
29.0807 41.1758
29.0807 41.1755
29.0804 41.1753
29.0798 41.1750
29.0795 41.1748
29.0789 41.1745
29.0785 41.1740
29.0782 41.1735
29.0776 41.1735
29.0773 41.1730
29.0770 41.1725
29.0767 41.1724
29.0764 41.1719
29.0760 41.1713
29.0754 41.1710
29.0749 41.1711
29.0744 41.1708
29.0740 41.1709
29.0735 41.1708
29.0729 41.1707
29.0726 41.1705
29.0720 41.1704
29.0717 41.1705
29.0714 41.1703
29.0709 41.1698
29.0703 41.1697
29.0701 41.1695
29.0695 41.1690
29.0693 41.1688
29.0690 41.1689
29.0684 41.1688
29.0678 41.1687
29.0675 41.1684
29.0672 41.1686
29.0669 41.1683
29.0664 41.1679
29.0661 41.1677
29.0656 41.1672
29.0650 41.1671
29.0648 41.1669
29.0644 41.1670
29.0642 41.1664
29.0640 41.1662
29.0640 41.1659
29.0638 41.1656
29.0633 41.1652
29.0630 41.1649
29.0631 41.1646
29.0629 41.1640
29.0626 41.1638
29.0624 41.1632
29.0622 41.1627
29.0617 41.1622
29.0614 41.1620
29.0609 41.1616
29.0606 41.1613
29.0607 41.1610
29.0604 41.1608
29.0599 41.1603
29.0597 41.1597
29.0594 41.1595
29.0589 41.1591
29.0586 41.1588
29.0581 41.1584
29.0579 41.1578
29.0577 41.1573
29.0575 41.1570
29.0573 41.1565
29.0567 41.1560
29.0565 41.1554
29.0563 41.1549
29.0561 41.1547
29.0561 41.1543
29.0563 41.1536
29.0563 41.1533
29.0561 41.1527
29.0559 41.1522
29.0557 41.1519
29.0557 41.1516
29.0559 41.1509
29.0563 41.1505
29.0563 41.1501
29.0565 41.1494
29.0568 41.1490
29.0572 41.1485
29.0573 41.1482
29.0577 41.1477
29.0580 41.1476
29.0581 41.1473
29.0584 41.1472
29.0585 41.1468
29.0588 41.1467
29.0589 41.1464
29.0592 41.1463
29.0593 41.1459
29.0596 41.1455
29.0600 41.1453
29.0604 41.1449
29.0610 41.1447
29.0613 41.1445
29.0614 41.1442
29.0617 41.1441
29.0618 41.1437
29.0621 41.1436
29.0625 41.1432
29.0626 41.1429
29.0629 41.1428
29.0630 41.1424
29.0634 41.1423
29.0635 41.1420
29.0638 41.1419
29.0639 41.1415
29.0644 41.1416
29.0647 41.1415
29.0648 41.1411
29.0651 41.1410
29.0658 41.1408
29.0661 41.1406
29.0661 41.1403
29.0665 41.1398
29.0669 41.1394
29.0673 41.1389
29.0677 41.1385
29.0681 41.1380
29.0685 41.1377
29.0690 41.1374
29.0693 41.1370
29.0697 41.1369
29.0703 41.1366
29.0706 41.1365
29.0713 41.1362
29.0716 41.1358
29.0720 41.1353
29.0723 41.1352
29.0729 41.1352
29.0736 41.1350
29.0741 41.1350
29.0747 41.1351
29.0753 41.1352
29.0757 41.1351
29.0763 41.1348
29.0769 41.1349
29.0772 41.1348
29.0779 41.1345
29.0782 41.1344
29.0788 41.1345
29.0794 41.1342
29.0797 41.1341
29.0803 41.1341
29.0809 41.1342
29.0812 41.1344
29.0815 41.1343
29.0822 41.1340
29.0828 41.1341
29.0831 41.1340
29.0837 41.1337
29.0840 41.1336
29.0841 41.1333
29.0844 41.1331
29.0845 41.1328
29.0848 41.1326
29.0854 41.1324
29.0858 41.1319
29.0861 41.1314
29.0865 41.1313
29.0868 41.1308
29.0869 41.1305
29.0872 41.1300
29.0876 41.1299
29.0882 41.1296
29.0886 41.1291
29.0889 41.1290
29.0893 41.1285
29.0896 41.1281
29.0897 41.1277
29.0900 41.1276
29.0904 41.1271
29.0904 41.1268
29.0907 41.1266
29.0911 41.1262
29.0911 41.1258
29.0915 41.1253
29.0918 41.1252
29.0924 41.1253
29.0931 41.1250
29.0928 41.1248
29.0928 41.1245
29.0926 41.1243
29.0923 41.1237
29.0918 41.1233
29.0915 41.1231
29.0909 41.1230
29.0906 41.1231
29.0903 41.1229
29.0898 41.1225
29.0895 41.1223
29.0892 41.1224
29.0890 41.1219
29.0887 41.1213
29.0885 41.1211
29.0882 41.1205
29.0880 41.1200
29.0878 41.1194
29.0875 41.1189
29.0876 41.1185
29.0873 41.1183
29.0870 41.1184
29.0867 41.1182
29.0864 41.1184
29.0861 41.1181
29.0856 41.1177
29.0853 41.1175
29.0851 41.1170
29.0848 41.1171
29.0845 41.1169
29.0839 41.1168
29.0837 41.1162
29.0831 41.1158
29.0828 41.1156
29.0822 41.1155
29.0823 41.1152
29.0820 41.1150
29.0818 41.1144
29.0816 41.1139
29.0810 41.1134
29.0807 41.1132
29.0802 41.1128
29.0799 41.1126
29.0800 41.1122
29.0797 41.1120
29.0791 41.1119
29.0788 41.1121
29.0782 41.1120
29.0776 41.1119
29.0773 41.1117
29.0770 41.1118
29.0767 41.1116
29.0764 41.1118
29.0761 41.1115
29.0758 41.1117
29.0755 41.1115
29.0752 41.1116
29.0749 41.1114
29.0744 41.1110
29.0738 41.1109
29.0732 41.1108
29.0726 41.1107
29.0723 41.1105
29.0720 41.1106
29.0717 41.1104
29.0714 41.1106
29.0711 41.1103
29.0708 41.1105
29.0702 41.1104
29.0700 41.1102
29.0694 41.1098
29.0692 41.1092
29.0689 41.1090
29.0684 41.1086
29.0681 41.1084
29.0675 41.1079
29.0673 41.1077
29.0670 41.1079
29.0667 41.1076
29.0667 41.1073
29.0663 41.1071
29.0663 41.1067
29.0659 41.1066
29.0653 41.1063
29.0650 41.1062
29.0650 41.1058
29.0646 41.1057
29.0643 41.1052
29.0639 41.1047
29.0636 41.1043
29.0635 41.1039
29.0632 41.1034
29.0629 41.1033
29.0628 41.1030
29.0627 41.1023
29.0624 41.1018
29.0620 41.1013
29.0617 41.1008
29.0616 41.1005
29.0616 41.0999
29.0615 41.0996
29.0611 41.0991
29.0611 41.0988
29.0607 41.0984
29.0604 41.0979
29.0601 41.0975
29.0600 41.0968
29.0600 41.0965
29.0596 41.0960
29.0593 41.0959
29.0589 41.0954
29.0589 41.0950
29.0592 41.0948
29.0591 41.0945
29.0594 41.0943
29.0594 41.0939
29.0597 41.0937
29.0599 41.0932
29.0602 41.0926
29.0604 41.0921
29.0606 41.0915
29.0609 41.0917
29.0612 41.0915
29.0612 41.0911
29.0615 41.0909
29.0617 41.0904
29.0619 41.0898
29.0622 41.0893
29.0622 41.0889
29.0624 41.0887
29.0624 41.0884
29.0623 41.0877
29.0626 41.0871
29.0628 41.0866
29.0628 41.0862
29.0627 41.0855
29.0629 41.0850
29.0629 41.0846
29.0631 41.0841
29.0628 41.0840
29.0622 41.0837
29.0619 41.0835
29.0618 41.0832
29.0615 41.0827
29.0611 41.0822
29.0608 41.0821
29.0602 41.0821
29.0596 41.0822
29.0596 41.0819
29.0593 41.0817
29.0590 41.0818
29.0584 41.0818
29.0581 41.0818
29.0574 41.0816
29.0570 41.0811
29.0567 41.0806
29.0563 41.0801
29.0560 41.0800
29.0560 41.0797
29.0557 41.0795
29.0556 41.0792
29.0553 41.0790
29.0553 41.0787
29.0549 41.0782
29.0546 41.0777
29.0543 41.0776
29.0539 41.0773
29.0534 41.0768
29.0528 41.0767
29.0526 41.0765
29.0522 41.0766
29.0517 41.0764
29.0514 41.0762
29.0509 41.0757
29.0507 41.0755
29.0505 41.0749
29.0506 41.0746
29.0503 41.0743
29.0501 41.0738
29.0496 41.0733
29.0494 41.0731
29.0490 41.0732
29.0488 41.0729
29.0486 41.0724
29.0487 41.0720
29.0490 41.0719
29.0491 41.0716
29.0495 41.0711
29.0498 41.0710
29.0499 41.0707
29.0502 41.0706
29.0503 41.0703
29.0505 41.0696
29.0509 41.0691
29.0513 41.0687
29.0514 41.0684
29.0512 41.0678
29.0509 41.0676
29.0514 41.0671
29.0514 41.0668
29.0512 41.0666
29.0513 41.0662
29.0510 41.0660
29.0511 41.0656
29.0508 41.0654
29.0509 41.0651
29.0507 41.0648
29.0505 41.0643
29.0506 41.0639
29.0504 41.0633
29.0501 41.0631
29.0502 41.0628
29.0500 41.0625
29.0500 41.0622
29.0498 41.0620
29.0499 41.0616
29.0497 41.0611
29.0495 41.0605
29.0493 41.0602
29.0493 41.0599
29.0492 41.0593
29.0489 41.0591
29.0490 41.0588
29.0487 41.0585
29.0482 41.0580
29.0480 41.0578
29.0475 41.0573
29.0472 41.0571
29.0473 41.0568
29.0470 41.0565
29.0469 41.0560
29.0469 41.0556
29.0467 41.0554
29.0465 41.0548
29.0466 41.0545
29.0464 41.0539
29.0462 41.0537
29.0462 41.0533
29.0460 41.0531
29.0455 41.0526
29.0452 41.0524
29.0449 41.0525
29.0447 41.0519
29.0445 41.0517
29.0440 41.0512
29.0437 41.0510
29.0434 41.0511
29.0431 41.0508
29.0425 41.0507
29.0422 41.0508
29.0419 41.0505
29.0414 41.0501
29.0412 41.0498
29.0407 41.0494
29.0404 41.0491
29.0401 41.0492
29.0398 41.0490
29.0393 41.0489
29.0389 41.0490
29.0387 41.0487
29.0381 41.0486
29.0382 41.0483
29.0379 41.0480
29.0374 41.0475
29.0372 41.0473
29.0367 41.0468
29.0364 41.0466
29.0365 41.0463
29.0363 41.0457
29.0360 41.0454
29.0357 41.0456
29.0351 41.0454
29.0349 41.0452
29.0345 41.0453
29.0343 41.0450
29.0337 41.0449
29.0334 41.0450
29.0331 41.0448
29.0325 41.0446
29.0322 41.0447
29.0320 41.0445
29.0314 41.0440
29.0312 41.0438
29.0313 41.0435
29.0310 41.0432
29.0305 41.0427
29.0303 41.0425
29.0297 41.0424
29.0292 41.0419
29.0289 41.0417
29.0286 41.0418
29.0283 41.0415
29.0278 41.0411
29.0276 41.0408
29.0272 41.0409
29.0270 41.0407
29.0264 41.0406
29.0261 41.0407
29.0255 41.0405
29.0249 41.0404
29.0243 41.0402
29.0241 41.0400
29.0236 41.0395
29.0233 41.0393
29.0230 41.0394
29.0227 41.0392
29.0222 41.0387
29.0216 41.0386
29.0214 41.0383
29.0209 41.0378
29.0206 41.0376
29.0207 41.0373
29.0204 41.0370
29.0205 41.0367
29.0203 41.0365
29.0201 41.0359
29.0196 41.0354
29.0193 41.0352
29.0187 41.0350
29.0182 41.0349
29.0180 41.0343
29.0181 41.0340
29.0178 41.0338
29.0173 41.0333
29.0171 41.0331
29.0165 41.0326
29.0160 41.0324
29.0157 41.0322
29.0154 41.0323
29.0151 41.0321
29.0146 41.0316
29.0144 41.0314
29.0139 41.0309
29.0136 41.0307
29.0131 41.0302
29.0128 41.0299
29.0125 41.0300
29.0123 41.0298
29.0117 41.0297
29.0118 41.0293
29.0115 41.0291
29.0110 41.0286
29.0104 41.0285
29.0102 41.0283
29.0102 41.0279
29.0100 41.0277
29.0096 41.0278
29.0094 41.0275
29.0091 41.0276
29.0088 41.0274
29.0082 41.0273
29.0076 41.0271
29.0073 41.0272
29.0071 41.0270
29.0065 41.0269
29.0061 41.0270
29.0059 41.0267
29.0054 41.0263
29.0051 41.0260
29.0048 41.0261
29.0042 41.0260
29.0040 41.0258
29.0036 41.0259
29.0034 41.0256
29.0029 41.0251
29.0026 41.0249
29.0020 41.0248
29.0021 41.0244
29.0015 41.0243
29.0009 41.0242
29.0007 41.0239
29.0002 41.0235
28.9999 41.0232
28.9996 41.0233
28.9993 41.0231
28.9988 41.0226
28.9986 41.0224
28.9980 41.0222
28.9975 41.0218
28.9972 41.0215
28.9973 41.0212
28.9971 41.0210
28.9969 41.0204
28.9964 41.0199
28.9962 41.0193
28.9960 41.0191
28.9960 41.0188
28.9958 41.0185
28.9956 41.0180
28.9957 41.0176
28.9954 41.0174
28.9953 41.0168
28.9947 41.0167
28.9942 41.0162
28.9939 41.0160
28.9940 41.0156
28.9938 41.0151
28.9936 41.0148
28.9936 41.0145
28.9934 41.0142
28.9932 41.0137
28.9933 41.0134
28.9930 41.0131
28.9927 41.0132
28.9921 41.0130
28.9918 41.0128
28.9919 41.0125
28.9916 41.0123
28.9913 41.0117
28.9911 41.0112
28.9911 41.0108
28.9912 41.0101
28.9912 41.0098
28.9913 41.0091
28.9913 41.0088
28.9912 41.0084
28.9911 41.0079
28.9914 41.0074
28.9911 41.0068
28.9909 41.0063
28.9906 41.0061
28.9909 41.0056
28.9910 41.0052
28.9907 41.0050
28.9910 41.0045
28.9910 41.0042
28.9913 41.0040
28.9914 41.0037
28.9917 41.0036
28.9917 41.0032
28.9920 41.0030
28.9920 41.0027
28.9923 41.0025
28.9924 41.0022
28.9927 41.0020
28.9927 41.0016
28.9930 41.0015
28.9934 41.0010
28.9934 41.0007
28.9937 41.0006
28.9938 41.0003
28.9941 41.0001
28.9940 40.9998
28.9943 40.9995
28.9946 40.9988
28.9946 40.9983
28.9952 40.9981
28.9955 40.9975
28.9961 40.9973
28.9965 40.9966
28.9970 40.9949
28.9969 40.9938
28.9977 40.9931
28.9987 40.9906
28.9989 40.9890
28.9976 40.9875
28.9987 40.9856
28.9994 40.9819
28.9994 40.9793
28.9972 40.9775
28.9978 40.9740
28.9952 40.9715
28.9960 40.9678
28.9936 40.9641
28.9919 40.9540
28.9905 40.9458
28.9864 40.9389
28.9806 40.9313
28.9740 40.9249
28.9687 40.9182
28.9618 40.9104
28.9548 40.9023
28.9535 40.8959
28.9583 40.8916
28.9572 40.8852
28.9530 40.8749
28.9478 40.8700
28.9422 40.8503
28.9298 40.8174
28.8828 40.7936
28.8561 40.7851
28.8378 40.8059
28.8125 40.8031
28.7623 40.8013
28.7371 40.8005
28.7236 40.8220
28.6860 40.8412
28.6631 40.8390
28.6521 40.8154
28.6639 40.7963
28.6549 40.7746
28.6216 40.7707
28.5897 40.7594
28.5584 40.7503
28.5358 40.7719
28.5133 40.7912
28.4911 40.8098
28.4848 40.8253
28.4693 40.8271
28.4600 40.8408
28.4438 40.8356
28.4274 40.8407
28.4036 40.8591
28.3883 40.8476
28.3744 40.8576
28.3580 40.8559
28.3267 40.8392
28.3006 40.8618
28.2631 40.8704
28.2271 40.8622
28.2054 40.8668
28.1901 40.8497
28.1677 40.8548
28.1495 40.8387
28.1228 40.8451
28.1002 40.8296
28.0738 40.8406
28.0504 40.8256
27.9939 40.8038
27.9702 40.7977
27.9339 40.7929
27.8994 40.8161
27.8763 40.8195
27.8369 40.8312
27.8082 40.8507
27.7744 40.8607
27.7394 40.8687
27.7178 40.8662
27.6861 40.8463
27.6362 40.8386
27.6131 40.8315
27.6080 40.8101
27.5834 40.8060
27.5751 40.7868
27.5503 40.7827
27.5444 40.7637
27.5236 40.7569
27.4908 40.7373
27.4788 40.7255
27.4546 40.7018
27.4427 40.6941
27.4410 40.6829
27.4303 40.6790
27.4279 40.6696
27.4189 40.6666
27.4170 40.6576
27.4084 40.6545
27.4010 40.6609
27.3924 40.6575
27.3769 40.6581
27.3762 40.6497
27.3683 40.6463
27.3538 40.6403
27.3470 40.6377
27.3389 40.6274
27.3306 40.6177
27.3219 40.6104
27.3090 40.6058
27.3025 40.6035
27.2888 40.5996
27.2816 40.5976
27.2675 40.5929
27.2613 40.5904
27.2514 40.5835
27.2474 40.5784
27.2373 40.5734
27.2305 40.5737
27.2267 40.5676
27.2199 40.5677
27.2059 40.5677
27.1989 40.5677
27.1954 40.5616
27.1851 40.5556
27.1752 40.5495
27.1655 40.5434
27.1589 40.5433
27.1491 40.5375
27.1393 40.5318
27.1294 40.5260
27.1260 40.5202
27.1193 40.5201
27.1060 40.5198
27.0994 40.5198
27.0892 40.5138
27.0791 40.5080
27.0757 40.5022
27.0698 40.5023
27.0658 40.4971
27.0579 40.4858
27.0556 40.4797
27.0496 40.4760
27.0455 40.4776
27.0370 40.4748
27.0317 40.4723
27.0210 40.4704
27.0162 40.4682
27.0070 40.4622
26.9971 40.4622
26.9921 40.4593
26.9871 40.4622
26.9821 40.4594
26.9771 40.4623
26.9721 40.4595
26.9671 40.4624
26.9621 40.4596
26.9571 40.4625
26.9520 40.4597
26.9420 40.4540
26.9321 40.4542
26.9272 40.4515
26.9180 40.4459
26.9136 40.4427
26.9038 40.4411
26.8987 40.4418
26.8908 40.4434
26.8868 40.4458
26.8818 40.4429
26.8770 40.4457
26.8719 40.4429
26.8669 40.4459
26.8614 40.4430
26.8500 40.4404
26.8447 40.4414
26.8417 40.4386
26.8349 40.4368
26.8285 40.4327
26.8214 40.4346
26.8187 40.4345
26.8149 40.4356
26.8109 40.4355
26.8089 40.4364
26.8051 40.4377
26.8033 40.4380
26.8019 40.4366
26.8004 40.4374
26.7992 40.4367
26.7968 40.4368
26.7948 40.4362
26.7932 40.4358
26.7916 40.4350
26.7907 40.4347
26.7899 40.4352
26.7890 40.4349
26.7877 40.4352
26.7866 40.4354
26.7856 40.4353
26.7847 40.4354
26.7839 40.4355
26.7831 40.4356
26.7823 40.4355
26.7820 40.4357
26.7814 40.4357
26.7811 40.4355
26.7805 40.4353
26.7802 40.4351
26.7799 40.4353
26.7796 40.4352
26.7793 40.4354
26.7787 40.4354
26.7781 40.4355
26.7775 40.4356
26.7769 40.4360
26.7767 40.4362
26.7761 40.4362
26.7755 40.4363
26.7749 40.4364
26.7745 40.4362
26.7739 40.4359
26.7733 40.4360
26.7727 40.4361
26.7721 40.4361
26.7715 40.4362
26.7709 40.4362
26.7703 40.4363
26.7698 40.4367
26.7692 40.4368
26.7686 40.4368
26.7680 40.4369
26.7674 40.4369
26.7668 40.4370
26.7665 40.4372
26.7662 40.4371
26.7659 40.4373
26.7656 40.4371
26.7650 40.4372
26.7647 40.4374
26.7644 40.4372
26.7641 40.4374
26.7638 40.4373
26.7632 40.4373
26.7630 40.4375
26.7624 40.4379
26.7621 40.4380
26.7615 40.4381
26.7609 40.4381
26.7606 40.4380
26.7600 40.4376
26.7597 40.4375
26.7594 40.4377
26.7588 40.4377
26.7585 40.4375
26.7579 40.4376
26.7576 40.4378
26.7570 40.4378
26.7567 40.4376
26.7561 40.4373
26.7557 40.4372
26.7551 40.4369
26.7546 40.4369
26.7540 40.4369
26.7537 40.4367
26.7531 40.4364
26.7527 40.4359
26.7524 40.4354
26.7521 40.4353
26.7518 40.4355
26.7514 40.4350
26.7511 40.4348
26.7508 40.4343
26.7505 40.4345
26.7502 40.4344
26.7499 40.4345
26.7496 40.4344
26.7493 40.4346
26.7487 40.4346
26.7484 40.4344
26.7478 40.4341
26.7475 40.4340
26.7470 40.4340
26.7465 40.4335
26.7462 40.4333
26.7457 40.4333
26.7454 40.4334
26.7452 40.4331
26.7449 40.4331
26.7444 40.4331
26.7438 40.4328
26.7435 40.4323
26.7432 40.4321
26.7431 40.4318
26.7428 40.4316
26.7422 40.4313
26.7419 40.4311
26.7413 40.4308
26.7410 40.4307
26.7407 40.4302
26.7403 40.4297
26.7400 40.4299
26.7397 40.4297
26.7391 40.4294
26.7388 40.4293
26.7385 40.4295
26.7382 40.4293
26.7379 40.4295
26.7376 40.4291
26.7373 40.4290
26.7367 40.4287
26.7361 40.4288
26.7359 40.4287
26.7354 40.4285
26.7348 40.4286
26.7345 40.4284
26.7343 40.4280
26.7337 40.4279
26.7332 40.4275
26.7329 40.4274
26.7323 40.4271
26.7320 40.4269
26.7320 40.4266
26.7317 40.4265
26.7310 40.4262
26.7307 40.4260
26.7301 40.4258
26.7297 40.4253
26.7294 40.4251
26.7294 40.4248
26.7290 40.4243
26.7287 40.4242
26.7287 40.4238
26.7283 40.4233
26.7280 40.4232
26.7280 40.4228
26.7276 40.4227
26.7276 40.4224
26.7273 40.4222
26.7273 40.4219
26.7269 40.4217
26.7266 40.4212
26.7260 40.4210
26.7256 40.4208
26.7250 40.4205
26.7247 40.4204
26.7241 40.4204
26.7236 40.4204
26.7233 40.4205
26.7230 40.4203
26.7227 40.4204
26.7224 40.4203
26.7221 40.4204
26.7218 40.4203
26.7212 40.4199
26.7209 40.4198
26.7202 40.4195
26.7199 40.4193
26.7193 40.4190
26.7190 40.4188
26.7190 40.4185
26.7187 40.4183
26.7181 40.4180
26.7177 40.4175
26.7174 40.4174
26.7174 40.4170
26.7171 40.4169
26.7171 40.4165
26.7168 40.4160
26.7164 40.4155
26.7161 40.4154
26.7155 40.4151
26.7152 40.4146
26.7149 40.4144
26.7149 40.4140
26.7145 40.4135
26.7142 40.4134
26.7136 40.4131
26.7133 40.4129
26.7133 40.4126
26.7130 40.4124
26.7130 40.4121
26.7127 40.4119
26.7121 40.4116
26.7117 40.4116
26.7111 40.4116
26.7108 40.4114
26.7102 40.4110
26.7099 40.4109
26.7094 40.4105
26.7091 40.4103
26.7085 40.4100
26.7082 40.4095
26.7081 40.4092
26.7077 40.4088
26.7075 40.4087
26.7070 40.4084
26.7067 40.4082
26.7061 40.4079
26.7055 40.4078
26.7049 40.4078
26.7046 40.4076
26.7040 40.4073
26.7034 40.4073
26.7031 40.4071
26.7028 40.4066
26.7022 40.4062
26.7019 40.4061
26.7014 40.4058
26.7012 40.4057
26.7009 40.4059
26.7006 40.4058
26.7003 40.4059
26.7000 40.4057
26.6994 40.4056
26.6991 40.4054
26.6986 40.4054
26.6985 40.4051
26.6982 40.4049
26.6981 40.4045
26.6978 40.4044
26.6978 40.4040
26.6975 40.4039
26.6975 40.4035
26.6973 40.4033
26.6968 40.4030
26.6966 40.4028
26.6960 40.4025
26.6958 40.4020
26.6955 40.4015
26.6952 40.4010
26.6949 40.4005
26.6946 40.4000
26.6943 40.3999
26.6942 40.3995
26.6939 40.3994
26.6939 40.3990
26.6936 40.3985
26.6933 40.3980
26.6929 40.3975
26.6926 40.3970
26.6923 40.3969
26.6917 40.3965
26.6914 40.3960
26.6910 40.3955
26.6907 40.3954
26.6901 40.3951
26.6898 40.3946
26.6894 40.3941
26.6891 40.3939
26.6891 40.3936
26.6888 40.3934
26.6885 40.3929
26.6879 40.3926
26.6876 40.3924
26.6875 40.3921
26.6872 40.3919
26.6866 40.3916
26.6863 40.3911
26.6860 40.3910
26.6854 40.3906
26.6850 40.3901
26.6847 40.3900
26.6847 40.3896
26.6844 40.3895
26.6841 40.3890
26.6837 40.3885
26.6831 40.3882
26.6828 40.3880
26.6822 40.3877
26.6819 40.3872
26.6816 40.3870
26.6813 40.3872
26.6810 40.3871
26.6803 40.3868
26.6800 40.3866
26.6800 40.3862
26.6794 40.3863
26.6791 40.3858
26.6788 40.3853
26.6784 40.3851
26.6784 40.3848
26.6781 40.3846
26.6781 40.3843
26.6778 40.3841
26.6775 40.3836
26.6774 40.3833
26.6771 40.3828
26.6768 40.3826
26.6768 40.3823
26.6765 40.3821
26.6762 40.3816
26.6758 40.3811
26.6752 40.3808
26.6749 40.3806
26.6746 40.3801
26.6740 40.3798
26.6736 40.3796
26.6736 40.3793
26.6733 40.3791
26.6727 40.3788
26.6724 40.3783
26.6721 40.3782
26.6720 40.3778
26.6717 40.3777
26.6711 40.3774
26.6708 40.3769
26.6705 40.3767
26.6705 40.3764
26.6702 40.3762
26.6698 40.3757
26.6695 40.3752
26.6689 40.3749
26.6686 40.3747
26.6686 40.3744
26.6682 40.3739
26.6679 40.3734
26.6676 40.3729
26.6672 40.3724
26.6669 40.3722
26.6663 40.3719
26.6660 40.3714
26.6657 40.3709
26.6654 40.3707
26.6653 40.3704
26.6650 40.3702
26.6650 40.3699
26.6647 40.3694
26.6644 40.3689
26.6640 40.3684
26.6637 40.3682
26.6631 40.3679
26.6628 40.3674
26.6624 40.3669
26.6621 40.3667
26.6621 40.3664
26.6618 40.3662
26.6615 40.3657
26.6612 40.3652
26.6608 40.3647
26.6608 40.3644
26.6605 40.3642
26.6605 40.3639
26.6602 40.3637
26.6598 40.3632
26.6595 40.3627
26.6592 40.3622
26.6592 40.3619
26.6589 40.3617
26.6588 40.3614
26.6585 40.3612
26.6582 40.3607
26.6579 40.3602
26.6579 40.3599
26.6575 40.3594
26.6572 40.3592
26.6572 40.3589
26.6569 40.3587
26.6566 40.3582
26.6562 40.3577
26.6559 40.3572
26.6559 40.3568
26.6556 40.3567
26.6556 40.3563
26.6553 40.3562
26.6549 40.3557
26.6546 40.3552
26.6543 40.3547
26.6540 40.3542
26.6539 40.3538
26.6536 40.3537
26.6530 40.3534
26.6527 40.3528
26.6524 40.3523
26.6520 40.3522
26.6514 40.3519
26.6511 40.3514
26.6508 40.3509
26.6505 40.3507
26.6498 40.3504
26.6495 40.3499
26.6492 40.3494
26.6489 40.3492
26.6483 40.3493
26.6477 40.3490
26.6474 40.3488
26.6470 40.3483
26.6467 40.3478
26.6461 40.3475
26.6458 40.3473
26.6452 40.3470
26.6449 40.3469
26.6446 40.3470
26.6443 40.3469
26.6436 40.3466
26.6433 40.3464
26.6430 40.3466
26.6427 40.3464
26.6421 40.3461
26.6418 40.3456
26.6415 40.3455
26.6415 40.3451
26.6411 40.3450
26.6408 40.3445
26.6402 40.3442
26.6399 40.3440
26.6396 40.3442
26.6393 40.3440
26.6393 40.3437
26.6389 40.3432
26.6386 40.3430
26.6386 40.3427
26.6383 40.3425
26.6383 40.3422
26.6380 40.3420
26.6380 40.3417
26.6376 40.3412
26.6373 40.3407
26.6370 40.3402
26.6367 40.3400
26.6367 40.3397
26.6363 40.3395
26.6360 40.3390
26.6357 40.3385
26.6354 40.3380
26.6353 40.3376
26.6350 40.3375
26.6350 40.3371
26.6347 40.3370
26.6347 40.3366
26.6344 40.3361
26.6341 40.3360
26.6337 40.3355
26.6337 40.3351
26.6334 40.3350
26.6334 40.3346
26.6331 40.3345
26.6327 40.3340
26.6324 40.3335
26.6321 40.3330
26.6321 40.3326
26.6320 40.3319
26.6317 40.3314
26.6317 40.3311
26.6314 40.3309
26.6314 40.3306
26.6311 40.3304
26.6310 40.3301
26.6307 40.3296
26.6304 40.3291
26.6301 40.3286
26.6297 40.3284
26.6297 40.3281
26.6294 40.3279
26.6291 40.3274
26.6288 40.3269
26.6282 40.3269
26.6279 40.3271
26.6276 40.3270
26.6269 40.3267
26.6266 40.3265
26.6263 40.3267
26.6260 40.3265
26.6254 40.3262
26.6251 40.3261
26.6245 40.3257
26.6242 40.3256
26.6236 40.3256
26.6233 40.3251
26.6226 40.3248
26.6223 40.3246
26.6220 40.3248
26.6217 40.3247
26.6211 40.3244
26.6208 40.3242
26.6205 40.3244
26.6202 40.3242
26.6196 40.3239
26.6193 40.3238
26.6190 40.3240
26.6187 40.3238
26.6181 40.3235
26.6175 40.3235
26.6172 40.3234
26.6165 40.3230
26.6162 40.3229
26.6156 40.3226
26.6153 40.3224
26.6150 40.3226
26.6147 40.3224
26.6141 40.3221
26.6138 40.3216
26.6134 40.3215
26.6132 40.3217
26.6128 40.3215
26.6122 40.3212
26.6119 40.3210
26.6116 40.3212
26.6113 40.3211
26.6107 40.3208
26.6104 40.3206
26.6101 40.3208
26.6098 40.3206
26.6092 40.3203
26.6089 40.3202
26.6083 40.3198
26.6079 40.3197
26.6073 40.3197
26.6067 40.3194
26.6064 40.3189
26.6061 40.3187
26.6061 40.3184
26.6058 40.3182
26.6051 40.3179
26.6048 40.3178
26.6045 40.3180
26.6042 40.3178
26.6039 40.3173
26.6033 40.3170
26.6030 40.3168
26.6027 40.3170
26.6024 40.3169
26.6018 40.3166
26.6015 40.3164
26.6012 40.3166
26.6009 40.3164
26.6002 40.3161
26.5999 40.3160
26.5996 40.3161
26.5993 40.3160
26.5987 40.3157
26.5984 40.3155
26.5978 40.3152
26.5975 40.3150
26.5969 40.3151
26.5966 40.3146
26.5959 40.3143
26.5956 40.3138
26.5953 40.3136
26.5947 40.3133
26.5944 40.3128
26.5940 40.3126
26.5940 40.3123
26.5937 40.3121
26.5931 40.3118
26.5928 40.3117
26.5925 40.3118
26.5922 40.3117
26.5916 40.3114
26.5913 40.3112
26.5910 40.3114
26.5907 40.3112
26.5900 40.3109
26.5897 40.3108
26.5894 40.3110
26.5891 40.3108
26.5885 40.3105
26.5882 40.3100
26.5876 40.3100
26.5873 40.3099
26.5867 40.3096
26.5864 40.3094
26.5857 40.3091
26.5854 40.3089
26.5851 40.3091
26.5848 40.3090
26.5842 40.3086
26.5839 40.3085
26.5836 40.3087
26.5833 40.3085
26.5827 40.3082
26.5824 40.3081
26.5821 40.3082
26.5818 40.3081
26.5812 40.3078
26.5809 40.3076
26.5806 40.3078
26.5803 40.3076
26.5799 40.3071
26.5793 40.3068
26.5790 40.3067
26.5790 40.3063
26.5787 40.3062
26.5781 40.3059
26.5777 40.3054
26.5774 40.3052
26.5768 40.3049
26.5765 40.3044
26.5762 40.3039
26.5758 40.3037
26.5758 40.3034
26.5755 40.3032
26.5752 40.3027
26.5746 40.3024
26.5743 40.3022
26.5742 40.3019
26.5739 40.3017
26.5733 40.3014
26.5730 40.3013
26.5730 40.3009
26.5727 40.3008
26.5727 40.3004
26.5724 40.3003
26.5717 40.3000
26.5714 40.2995
26.5711 40.2993
26.5705 40.2990
26.5702 40.2985
26.5698 40.2980
26.5695 40.2978
26.5689 40.2975
26.5686 40.2970
26.5682 40.2965
26.5679 40.2963
26.5673 40.2960
26.5670 40.2955
26.5667 40.2950
26.5664 40.2949
26.5657 40.2945
26.5654 40.2940
26.5651 40.2935
26.5648 40.2934
26.5642 40.2931
26.5638 40.2929
26.5632 40.2929
26.5626 40.2926
26.5623 40.2921
26.5620 40.2920
26.5620 40.2916
26.5614 40.2917
26.5611 40.2915
26.5604 40.2912
26.5601 40.2910
26.5595 40.2907
26.5592 40.2906
26.5589 40.2908
26.5586 40.2906
26.5580 40.2903
26.5577 40.2898
26.5574 40.2896
26.5571 40.2898
26.5568 40.2897
26.5561 40.2893
26.5558 40.2892
26.5552 40.2889
26.5549 40.2884
26.5546 40.2879
26.5540 40.2879
26.5537 40.2877
26.5530 40.2874
26.5527 40.2873
26.5524 40.2868
26.5521 40.2863
26.5515 40.2859
26.5511 40.2858
26.5508 40.2853
26.5505 40.2848
26.5502 40.2843
26.5498 40.2838
26.5498 40.2834
26.5495 40.2833
26.5489 40.2830
26.5486 40.2825
26.5482 40.2820
26.5479 40.2818
26.5473 40.2815
26.5470 40.2810
26.5467 40.2805
26.5463 40.2803
26.5463 40.2800
26.5460 40.2798
26.5457 40.2793
26.5451 40.2790
26.5448 40.2788
26.5447 40.2785
26.5444 40.2783
26.5441 40.2778
26.5435 40.2775
26.5432 40.2774
26.5432 40.2770
26.5429 40.2769
26.5422 40.2766
26.5419 40.2761
26.5416 40.2759
26.5410 40.2756
26.5407 40.2751
26.5403 40.2746
26.5400 40.2744
26.5394 40.2741
26.5391 40.2739
26.5385 40.2740
26.5379 40.2737
26.5375 40.2732
26.5372 40.2730
26.5370 40.2732
26.5366 40.2730
26.5360 40.2727
26.5357 40.2726
26.5354 40.2728
26.5351 40.2726
26.5345 40.2723
26.5342 40.2721
26.5339 40.2723
26.5336 40.2722
26.5330 40.2719
26.5327 40.2717
26.5320 40.2714
26.5317 40.2709
26.5314 40.2704
26.5311 40.2702
26.5305 40.2699
26.5302 40.2697
26.5301 40.2694
26.5298 40.2689
26.5295 40.2687
26.5289 40.2684
26.5286 40.2679
26.5282 40.2674
26.5279 40.2673
26.5273 40.2669
26.5270 40.2664
26.5267 40.2663
26.5266 40.2659
26.5263 40.2658
26.5257 40.2655
26.5254 40.2653
26.5251 40.2648
26.5251 40.2645
26.5248 40.2643
26.5241 40.2640
26.5238 40.2635
26.5235 40.2630
26.5232 40.2628
26.5226 40.2625
26.5223 40.2624
26.5220 40.2626
26.5217 40.2624
26.5210 40.2621
26.5207 40.2616
26.5204 40.2614
26.5204 40.2611
26.5201 40.2609
26.5197 40.2604
26.5191 40.2601
26.5188 40.2599
26.5188 40.2596
26.5185 40.2594
26.5182 40.2589
26.5178 40.2584
26.5172 40.2581
26.5169 40.2580
26.5163 40.2577
26.5160 40.2572
26.5157 40.2570
26.5156 40.2566
26.5153 40.2565
26.5147 40.2562
26.5144 40.2560
26.5138 40.2557
26.5135 40.2555
26.5135 40.2552
26.5131 40.2547
26.5129 40.2546
26.5123 40.2542
26.5119 40.2542
26.5118 40.2539
26.5112 40.2536
26.5107 40.2533
26.5102 40.2530
26.5099 40.2530
26.5097 40.2527
26.5094 40.2527
26.5092 40.2524
26.5089 40.2524
26.5083 40.2521
26.5082 40.2518
26.5078 40.2513
26.5075 40.2512
26.5069 40.2509
26.5066 40.2507
26.5060 40.2504
26.5057 40.2502
26.5051 40.2499
26.5048 40.2498
26.5041 40.2495
26.5038 40.2490
26.5035 40.2485
26.5029 40.2485
26.5026 40.2483
26.5020 40.2480
26.5014 40.2480
26.5010 40.2479
26.5004 40.2479
26.5002 40.2481
26.4998 40.2480
26.4992 40.2476
26.4989 40.2475
26.4986 40.2477
26.4983 40.2475
26.4977 40.2472
26.4974 40.2470
26.4971 40.2472
26.4968 40.2471
26.4962 40.2468
26.4956 40.2468
26.4953 40.2466
26.4947 40.2463
26.4943 40.2462
26.4937 40.2459
26.4934 40.2457
26.4931 40.2459
26.4925 40.2459
26.4922 40.2458
26.4916 40.2458
26.4916 40.2454
26.4913 40.2453
26.4907 40.2450
26.4904 40.2448
26.4901 40.2450
26.4898 40.2448
26.4891 40.2445
26.4888 40.2444
26.4885 40.2446
26.4882 40.2444
26.4879 40.2439
26.4873 40.2436
26.4870 40.2434
26.4864 40.2431
26.4861 40.2430
26.4855 40.2430
26.4848 40.2427
26.4845 40.2422
26.4842 40.2420
26.4839 40.2422
26.4836 40.2421
26.4830 40.2417
26.4827 40.2416
26.4824 40.2418
26.4821 40.2416
26.4815 40.2413
26.4812 40.2411
26.4811 40.2408
26.4808 40.2406
26.4805 40.2401
26.4799 40.2398
26.4796 40.2397
26.4793 40.2399
26.4790 40.2397
26.4784 40.2394
26.4780 40.2392
26.4778 40.2394
26.4774 40.2393
26.4768 40.2390
26.4762 40.2390
26.4759 40.2388
26.4756 40.2390
26.4753 40.2389
26.4750 40.2391
26.4747 40.2389
26.4741 40.2386
26.4738 40.2384
26.4735 40.2386
26.4732 40.2385
26.4726 40.2381
26.4723 40.2380
26.4720 40.2382
26.4717 40.2380
26.4711 40.2377
26.4707 40.2375
26.4701 40.2372
26.4695 40.2373
26.4689 40.2373
26.4686 40.2371
26.4680 40.2372
26.4677 40.2374
26.4674 40.2372
26.4668 40.2372
26.4662 40.2373
26.4657 40.2371
26.4652 40.2369
26.4647 40.2366
26.4644 40.2367
26.4642 40.2364
26.4638 40.2364
26.4636 40.2361
26.4633 40.2362
26.4631 40.2359
26.4627 40.2359
26.4625 40.2356
26.4622 40.2357
26.4620 40.2354
26.4614 40.2351
26.4611 40.2352
26.4604 40.2353
26.4598 40.2350
26.4594 40.2345
26.4592 40.2342
26.4594 40.2339
26.4592 40.2336
26.4588 40.2330
26.4586 40.2327
26.4582 40.2328
26.4580 40.2325
26.4577 40.2325
26.4575 40.2322
26.4571 40.2317
26.4569 40.2314
26.4564 40.2308
26.4564 40.2302
26.4562 40.2300
26.4558 40.2294
26.4556 40.2291
26.4552 40.2292
26.4550 40.2289
26.4546 40.2283
26.4546 40.2277
26.4544 40.2274
26.4543 40.2268
26.4544 40.2265
26.4542 40.2262
26.4542 40.2256
26.4541 40.2250
26.4536 40.2248
26.4532 40.2242
26.4530 40.2240
26.4531 40.2236
26.4529 40.2234
26.4528 40.2228
26.4530 40.2225
26.4528 40.2222
26.4527 40.2216
26.4526 40.2210
26.4525 40.2204
26.4522 40.2201
26.4521 40.2199
26.4518 40.2193
26.4515 40.2190
26.4510 40.2187
26.4505 40.2185
26.4503 40.2182
26.4499 40.2176
26.4497 40.2174
26.4498 40.2170
26.4496 40.2168
26.4492 40.2162
26.4486 40.2160
26.4481 40.2157
26.4479 40.2154
26.4475 40.2155
26.4473 40.2152
26.4470 40.2152
26.4463 40.2153
26.4458 40.2151
26.4452 40.2148
26.4449 40.2149
26.4444 40.2147
26.4443 40.2145
26.4438 40.2143
26.4433 40.2140
26.4430 40.2140
26.4428 40.2137
26.4425 40.2137
26.4420 40.2134
26.4414 40.2131
26.4413 40.2128
26.4409 40.2128
26.4402 40.2128
26.4399 40.2128
26.4392 40.2128
26.4389 40.2127
26.4382 40.2127
26.4378 40.2127
26.4376 40.2124
26.4373 40.2124
26.4371 40.2121
26.4368 40.2121
26.4366 40.2118
26.4361 40.2121
26.4357 40.2121
26.4356 40.2118
26.4351 40.2115
26.4345 40.2112
26.4340 40.2109
26.4335 40.2106
26.4332 40.2106
26.4327 40.2102
26.4320 40.2102
26.4316 40.2102
26.4315 40.2099
26.4311 40.2099
26.4306 40.2102
26.4304 40.2099
26.4301 40.2099
26.4296 40.2096
26.4290 40.2093
26.4285 40.2090
26.4280 40.2087
26.4275 40.2084
26.4270 40.2080
26.4263 40.2080
26.4259 40.2080
26.4258 40.2083
26.4254 40.2083
26.4247 40.2083
26.4244 40.2083
26.4237 40.2083
26.4233 40.2083
26.4232 40.2086
26.4228 40.2086
26.4221 40.2086
26.4218 40.2086
26.4216 40.2083
26.4213 40.2082
26.4207 40.2079
26.4202 40.2076
26.4201 40.2073
26.4196 40.2070
26.4192 40.2069
26.4186 40.2071
26.4183 40.2073
26.4180 40.2072
26.4174 40.2070
26.4170 40.2069
26.4164 40.2067
26.4158 40.2068
26.4155 40.2067
26.4148 40.2065
26.4145 40.2064
26.4139 40.2066
26.4133 40.2067
26.4127 40.2068
26.4125 40.2071
26.4121 40.2070
26.4119 40.2072
26.4115 40.2071
26.4109 40.2069
26.4103 40.2071
26.4100 40.2069
26.4097 40.2072
26.4094 40.2071
26.4088 40.2072
26.4081 40.2070
26.4078 40.2069
26.4072 40.2071
26.4070 40.2073
26.4065 40.2069
26.4062 40.2068
26.4056 40.2066
26.4052 40.2065
26.4046 40.2063
26.4042 40.2062
26.4038 40.2057
26.4032 40.2058
26.4026 40.2060
26.4019 40.2058
26.4016 40.2056
26.4010 40.2055
26.4006 40.2054
26.4000 40.2052
26.3996 40.2051
26.3995 40.2048
26.3991 40.2047
26.3986 40.2048
26.3980 40.2050
26.3979 40.2046
26.3976 40.2045
26.3971 40.2047
26.3969 40.2043
26.3964 40.2044
26.3961 40.2043
26.3960 40.2040
26.3957 40.2039
26.3950 40.2037
26.3947 40.2036
26.3946 40.2032
26.3943 40.2031
26.3942 40.2028
26.3939 40.2027
26.3938 40.2024
26.3935 40.2023
26.3928 40.2021
26.3924 40.2016
26.3921 40.2015
26.3914 40.2013
26.3911 40.2012
26.3906 40.2008
26.3906 40.2005
26.3902 40.2004
26.3902 40.2000
26.3898 40.1999
26.3897 40.1996
26.3894 40.1995
26.3896 40.1989
26.3895 40.1986
26.3894 40.1979
26.3893 40.1976
26.3891 40.1969
26.3891 40.1966
26.3889 40.1959
26.3888 40.1956
26.3890 40.1950
26.3887 40.1949
26.3886 40.1946
26.3882 40.1944
26.3882 40.1941
26.3878 40.1940
26.3874 40.1935
26.3873 40.1932
26.3870 40.1931
26.3869 40.1928
26.3868 40.1921
26.3867 40.1918
26.3869 40.1915
26.3865 40.1911
26.3864 40.1907
26.3863 40.1901
26.3862 40.1897
26.3859 40.1896
26.3858 40.1893
26.3854 40.1889
26.3851 40.1888
26.3847 40.1883
26.3846 40.1880
26.3844 40.1873
26.3843 40.1870
26.3842 40.1863
26.3841 40.1860
26.3839 40.1853
26.3841 40.1847
26.3840 40.1844
26.3836 40.1839
26.3832 40.1835
26.3828 40.1831
26.3825 40.1830
26.3824 40.1826
26.3822 40.1820
26.3824 40.1814
26.3823 40.1810
26.3822 40.1804
26.3821 40.1800
26.3819 40.1794
26.3819 40.1790
26.3820 40.1784
26.3819 40.1778
26.3818 40.1774
26.3816 40.1768
26.3816 40.1764
26.3812 40.1763
26.3811 40.1760
26.3814 40.1757
26.3813 40.1754
26.3815 40.1748
26.3817 40.1746
26.3819 40.1740
26.3818 40.1737
26.3820 40.1731
26.3822 40.1725
26.3824 40.1723
26.3824 40.1720
26.3825 40.1714
26.3828 40.1711
26.3827 40.1708
26.3830 40.1706
26.3831 40.1700
26.3831 40.1697
26.3833 40.1694
26.3835 40.1688
26.3834 40.1685
26.3837 40.1683
26.3838 40.1677
26.3838 40.1674
26.3840 40.1671
26.3839 40.1668
26.3842 40.1666
26.3847 40.1661
26.3849 40.1655
26.3850 40.1650
26.3852 40.1644
26.3853 40.1639
26.3854 40.1633
26.3856 40.1630
26.3854 40.1627
26.3855 40.1621
26.3855 40.1616
26.3856 40.1613
26.3858 40.1607
26.3858 40.1603
26.3862 40.1602
26.3863 40.1599
26.3866 40.1598
26.3865 40.1593
26.3865 40.1589
26.3869 40.1588
26.3870 40.1585
26.3872 40.1578
26.3872 40.1575
26.3874 40.1568
26.3878 40.1564
26.3879 40.1561
26.3878 40.1558
26.3881 40.1555
26.3880 40.1552
26.3882 40.1549
26.3882 40.1546
26.3884 40.1544
26.3886 40.1538
26.3885 40.1534
26.3888 40.1532
26.3889 40.1526
26.3889 40.1523
26.3891 40.1521
26.3893 40.1515
26.3895 40.1509
26.3894 40.1506
26.3896 40.1503
26.3896 40.1500
26.3898 40.1498
26.3897 40.1494
26.3900 40.1492
26.3899 40.1488
26.3902 40.1486
26.3901 40.1483
26.3903 40.1480
26.3902 40.1477
26.3900 40.1472
26.3901 40.1469
26.3902 40.1462
26.3903 40.1459
26.3904 40.1452
26.3902 40.1446
26.3900 40.1441
26.3895 40.1436
26.3892 40.1434
26.3893 40.1430
26.3890 40.1428
26.3891 40.1425
26.3888 40.1423
26.3883 40.1418
26.3881 40.1412
26.3879 40.1407
26.3876 40.1405
26.3873 40.1406
26.3870 40.1403
26.3865 40.1399
26.3862 40.1397
26.3857 40.1392
26.3854 40.1390
26.3855 40.1387
26.3852 40.1384
26.3853 40.1381
26.3850 40.1379
26.3845 40.1374
26.3842 40.1372
26.3837 40.1367
26.3835 40.1365
26.3835 40.1362
26.3833 40.1360
26.3833 40.1356
26.3831 40.1354
26.3825 40.1349
26.3823 40.1347
26.3817 40.1343
26.3815 40.1340
26.3815 40.1337
26.3813 40.1335
26.3809 40.1336
26.3807 40.1334
26.3801 40.1333
26.3796 40.1328
26.3793 40.1326
26.3790 40.1327
26.3787 40.1325
26.3782 40.1320
26.3779 40.1318
26.3774 40.1314
26.3771 40.1311
26.3768 40.1313
26.3765 40.1310
26.3760 40.1306
26.3757 40.1304
26.3752 40.1299
26.3749 40.1297
26.3746 40.1298
26.3744 40.1296
26.3738 40.1291
26.3736 40.1289
26.3734 40.1283
26.3728 40.1282
26.3724 40.1283
26.3722 40.1281
26.3717 40.1277
26.3714 40.1275
26.3709 40.1270
26.3706 40.1268
26.3703 40.1269
26.3700 40.1267
26.3695 40.1262
26.3692 40.1260
26.3687 40.1255
26.3684 40.1253
26.3681 40.1254
26.3675 40.1253
26.3672 40.1251
26.3667 40.1247
26.3665 40.1244
26.3661 40.1246
26.3659 40.1243
26.3653 40.1239
26.3651 40.1237
26.3645 40.1232
26.3643 40.1230
26.3639 40.1231
26.3637 40.1229
26.3632 40.1224
26.3629 40.1222
26.3624 40.1218
26.3621 40.1215
26.3618 40.1216
26.3615 40.1214
26.3610 40.1210
26.3608 40.1204
26.3605 40.1202
26.3599 40.1201
26.3596 40.1202
26.3593 40.1200
26.3588 40.1195
26.3585 40.1193
26.3580 40.1188
26.3578 40.1186
26.3574 40.1187
26.3572 40.1185
26.3566 40.1181
26.3564 40.1178
26.3558 40.1174
26.3556 40.1172
26.3553 40.1173
26.3547 40.1172
26.3544 40.1170
26.3539 40.1165
26.3536 40.1163
26.3537 40.1159
26.3534 40.1157
26.3535 40.1154
26.3532 40.1151
26.3533 40.1148
26.3530 40.1146
26.3525 40.1141
26.3522 40.1139
26.3517 40.1135
26.3514 40.1132
26.3515 40.1129
26.3512 40.1127
26.3513 40.1123
26.3510 40.1121
26.3505 40.1117
26.3502 40.1114
26.3497 40.1110
26.3494 40.1108
26.3495 40.1104
26.3492 40.1102
26.3493 40.1099
26.3490 40.1096
26.3485 40.1092
26.3483 40.1086
26.3481 40.1081
26.3478 40.1078
26.3475 40.1079
26.3472 40.1077
26.3470 40.1072
26.3468 40.1066
26.3463 40.1061
26.3461 40.1056
26.3458 40.1054
26.3459 40.1050
26.3456 40.1048
26.3457 40.1044
26.3454 40.1042
26.3452 40.1037
26.3450 40.1031
26.3445 40.1026
26.3443 40.1021
26.3440 40.1019
26.3441 40.1015
26.3438 40.1013
26.3439 40.1010
26.3436 40.1007
26.3431 40.1003
26.3428 40.1001
26.3423 40.0996
26.3421 40.0994
26.3421 40.0990
26.3419 40.0988
26.3419 40.0985
26.3417 40.0983
26.3411 40.0978
26.3409 40.0976
26.3403 40.0971
26.3401 40.0969
26.3401 40.0966
26.3399 40.0963
26.3399 40.0960
26.3397 40.0958
26.3391 40.0953
26.3389 40.0951
26.3383 40.0947
26.3381 40.0944
26.3381 40.0941
26.3379 40.0939
26.3379 40.0935
26.3377 40.0933
26.3371 40.0928
26.3369 40.0926
26.3364 40.0922
26.3361 40.0920
26.3362 40.0916
26.3359 40.0914
26.3360 40.0910
26.3357 40.0908
26.3352 40.0904
26.3349 40.0902
26.3344 40.0897
26.3341 40.0895
26.3338 40.0896
26.3335 40.0894
26.3330 40.0889
26.3327 40.0887
26.3322 40.0882
26.3319 40.0880
26.3320 40.0877
26.3317 40.0875
26.3318 40.0871
26.3315 40.0869
26.3310 40.0864
26.3307 40.0862
26.3302 40.0858
26.3299 40.0855
26.3300 40.0852
26.3297 40.0850
26.3298 40.0846
26.3295 40.0844
26.3290 40.0840
26.3287 40.0837
26.3282 40.0833
26.3280 40.0831
26.3280 40.0827
26.3278 40.0825
26.3278 40.0822
26.3276 40.0819
26.3270 40.0815
26.3268 40.0813
26.3262 40.0808
26.3256 40.0807
26.3254 40.0805
26.3248 40.0800
26.3246 40.0795
26.3244 40.0789
26.3242 40.0787
26.3242 40.0783
26.3240 40.0781
26.3240 40.0778
26.3238 40.0776
26.3233 40.0771
26.3230 40.0769
26.3225 40.0764
26.3222 40.0762
26.3223 40.0759
26.3220 40.0756
26.3221 40.0753
26.3218 40.0751
26.3213 40.0746
26.3210 40.0744
26.3205 40.0740
26.3202 40.0737
26.3203 40.0734
26.3200 40.0732
26.3201 40.0728
26.3198 40.0726
26.3193 40.0722
26.3191 40.0716
26.3189 40.0710
26.3187 40.0705
26.3184 40.0702
26.3185 40.0699
26.3182 40.0697
26.3183 40.0693
26.3180 40.0691
26.3175 40.0687
26.3172 40.0684
26.3167 40.0680
26.3164 40.0678
26.3165 40.0674
26.3162 40.0672
26.3163 40.0669
26.3160 40.0666
26.3155 40.0662
26.3153 40.0656
26.3150 40.0654
26.3144 40.0653
26.3141 40.0654
26.3135 40.0653
26.3133 40.0651
26.3127 40.0650
26.3121 40.0649
26.3117 40.0650
26.3112 40.0649
26.3109 40.0646
26.3103 40.0645
26.3097 40.0644
26.3094 40.0645
26.3091 40.0643
26.3086 40.0639
26.3080 40.0638
26.3077 40.0635
26.3074 40.0637
26.3071 40.0634
26.3068 40.0635
26.3066 40.0633
26.3060 40.0629
26.3058 40.0626
26.3052 40.0625
26.3048 40.0627
26.3046 40.0624
26.3043 40.0625
26.3040 40.0623
26.3035 40.0619
26.3032 40.0616
26.3029 40.0618
26.3023 40.0617
26.3017 40.0615
26.3014 40.0613
26.3008 40.0612
26.3005 40.0613
26.2999 40.0612
26.2993 40.0611
26.2991 40.0609
26.2985 40.0608
26.2982 40.0609
26.2976 40.0608
26.2970 40.0607
26.2967 40.0605
26.2961 40.0604
26.2958 40.0605
26.2952 40.0604
26.2946 40.0603
26.2940 40.0602
26.2938 40.0599
26.2934 40.0600
26.2928 40.0599
26.2926 40.0597
26.2920 40.0593
26.2918 40.0590
26.2915 40.0592
26.2912 40.0589
26.2909 40.0590
26.2906 40.0588
26.2901 40.0584
26.2898 40.0582
26.2892 40.0580
26.2889 40.0582
26.2886 40.0579
26.2881 40.0575
26.2878 40.0573
26.2872 40.0572
26.2869 40.0573
26.2863 40.0572
26.2861 40.0569
26.2855 40.0568
26.2849 40.0567
26.2846 40.0568
26.2843 40.0566
26.2838 40.0562
26.2835 40.0559
26.2830 40.0555
26.2827 40.0553
26.2824 40.0554
26.2818 40.0553
26.2812 40.0552
26.2809 40.0549
26.2804 40.0548
26.2800 40.0550
26.2794 40.0548
26.2788 40.0547
26.2786 40.0545
26.2780 40.0544
26.2777 40.0545
26.2771 40.0544
26.2765 40.0543
26.2762 40.0541
26.2756 40.0540
26.2753 40.0541
26.2747 40.0540
26.2741 40.0539
26.2739 40.0537
26.2733 40.0535
26.2729 40.0537
26.2727 40.0534
26.2721 40.0530
26.2719 40.0528
26.2713 40.0527
26.2710 40.0528
26.2707 40.0525
26.2702 40.0521
26.2699 40.0519
26.2694 40.0514
26.2691 40.0512
26.2688 40.0513
26.2682 40.0512
26.2679 40.0510
26.2674 40.0509
26.2668 40.0508
26.2664 40.0509
26.2658 40.0508
26.2656 40.0506
26.2650 40.0504
26.2644 40.0503
26.2641 40.0505
26.2635 40.0503
26.2629 40.0502
26.2626 40.0500
26.2620 40.0499
26.2617 40.0500
26.2614 40.0498
26.2609 40.0494
26.2607 40.0491
26.2601 40.0487
26.2599 40.0485
26.2595 40.0486
26.2593 40.0483
26.2587 40.0479
26.2585 40.0477
26.2580 40.0472
26.2577 40.0470
26.2574 40.0471
26.2568 40.0470
26.2562 40.0469
26.2559 40.0467
26.2553 40.0466
26.2550 40.0467
26.2544 40.0466
26.2541 40.0464
26.2536 40.0459
26.2534 40.0457
26.2530 40.0458
26.2528 40.0456
26.2522 40.0451
26.2520 40.0449
26.2514 40.0445
26.2512 40.0442
26.2509 40.0443
26.2506 40.0441
26.2501 40.0437
26.2495 40.0436
26.2492 40.0433
26.2489 40.0435
26.2486 40.0432
26.2483 40.0433
26.2480 40.0431
26.2475 40.0427
26.2472 40.0425
26.2466 40.0423
26.2463 40.0425
26.2457 40.0424
26.2451 40.0422
26.2446 40.0421
26.2443 40.0419
26.2440 40.0420
26.2434 40.0419
26.2431 40.0417
26.2425 40.0416
26.2422 40.0417
26.2419 40.0415
26.2416 40.0416
26.2410 40.0415
26.2407 40.0413
26.2404 40.0414
26.2402 40.0412
26.2396 40.0410
26.2392 40.0412
26.2386 40.0411
26.2384 40.0408
26.2381 40.0410
26.2378 40.0407
26.2372 40.0406
26.2369 40.0407
26.2366 40.0405
26.2360 40.0404
26.2355 40.0400
26.2352 40.0397
26.2349 40.0398
26.2343 40.0397
26.2337 40.0396
26.2335 40.0394
26.2329 40.0393
26.2325 40.0394
26.2320 40.0393
26.2314 40.0392
26.2311 40.0390
26.2305 40.0389
26.2302 40.0390
26.2296 40.0389
26.2290 40.0388
26.2287 40.0385
26.2281 40.0384
26.2278 40.0386
26.2272 40.0384
26.2270 40.0382
26.2266 40.0383
26.2264 40.0381
26.2261 40.0382
26.2258 40.0380
26.2255 40.0381
26.2249 40.0380
26.2246 40.0378
26.2243 40.0379
26.2240 40.0377
26.2234 40.0376
26.2231 40.0377
26.2228 40.0375
26.2225 40.0376
26.2222 40.0374
26.2217 40.0373
26.2213 40.0374
26.2207 40.0376
26.2203 40.0377
26.2198 40.0376
26.2195 40.0374
26.2189 40.0373
26.2186 40.0374
26.2180 40.0373
26.2174 40.0372
26.2171 40.0370
26.2165 40.0368
26.2162 40.0370
26.2156 40.0369
26.2150 40.0367
26.2148 40.0365
26.2142 40.0364
26.2139 40.0365
26.2133 40.0364
26.2127 40.0363
26.2124 40.0361
26.2118 40.0360
26.2115 40.0361
26.2112 40.0359
26.2107 40.0354
26.2104 40.0352
26.2099 40.0348
26.2096 40.0345
26.2093 40.0346
26.2087 40.0345
26.2085 40.0343
26.2079 40.0342
26.2073 40.0341
26.2070 40.0342
26.2064 40.0341
26.2061 40.0339
26.2055 40.0338
26.2049 40.0337
26.2046 40.0338
26.2043 40.0336
26.2038 40.0331
26.2035 40.0329
26.2030 40.0328
26.2026 40.0329
26.2020 40.0328
26.2018 40.0326
26.2014 40.0327
26.2012 40.0325
26.2006 40.0323
26.2003 40.0325
26.2000 40.0322
26.1995 40.0318
26.1989 40.0317
26.1988 40.0320
26.1985 40.0321
26.1978 40.0324
26.1975 40.0325
26.1969 40.0327
26.1965 40.0328
26.1959 40.0330
26.1956 40.0332
26.1953 40.0330
26.1947 40.0329
26.1941 40.0328
26.1935 40.0327
26.1932 40.0328
26.1926 40.0331
26.1923 40.0332
26.1916 40.0334
26.1913 40.0335
26.1912 40.0339
26.1909 40.0340
26.1908 40.0344
26.1905 40.0345
26.1903 40.0343
26.1897 40.0342
26.1891 40.0341
26.1885 40.0339
26.1879 40.0336
26.1873 40.0331
26.1864 40.0329
26.1859 40.0325
26.1849 40.0317
26.1834 40.0322
26.1826 40.0323
26.1806 40.0328
26.1786 40.0323
26.1763 40.0317
26.1736 40.0311
26.1706 40.0305
26.1688 40.0309
26.1682 40.0328
26.1661 40.0333
26.1610 40.0350
26.1581 40.0361
26.1598 40.0406
26.1590 40.0435
26.1570 40.0489
26.1557 40.0519
26.1563 40.0579
26.1537 40.0646
26.1557 40.0713
26.1578 40.0787
26.1604 40.0861
26.1596 40.0938
26.1565 40.1048
26.1552 40.1105
26.1488 40.1182
26.1426 40.1258
26.1377 40.1331
26.1414 40.1370
26.1410 40.1422
26.1446 40.1460
26.1421 40.1514
26.1447 40.1557
26.1428 40.1617
26.1449 40.1711
26.1467 40.1744
26.1442 40.1838
26.1449 40.1956
26.1421 40.2023
26.1463 40.2081
