24.72421837 38.79899979
24.76395416 38.79899979
24.80368805 38.79899979
24.84342194 38.79899979
24.88315582 38.79899979
24.92288971 38.79899979
24.96262360 38.79899979
25.00235748 38.79899979
25.04209137 38.79899979
25.08182526 38.79899979
25.12155914 38.79899979
25.16129303 38.79899979
25.20102692 38.79899979
25.24076271 38.79899979
25.28049660 38.79899979
25.32023048 38.79899979
25.35996437 38.79899979
25.39969826 38.79899979
25.43943214 38.79899979
25.47916603 38.79899979
25.51889992 38.79899979
25.55863380 38.79899979
25.59836769 38.79899979
25.63810158 38.79899979
25.67783737 38.79899979
25.71757126 38.79899979
25.75730515 38.79899979
25.79703903 38.79899979
25.83677292 38.79899979
25.87650681 38.79899979
25.91624069 38.79899979
25.95597458 38.79899979
25.99570847 38.79899979
26.03544235 38.79899979
26.07517624 38.79899979
26.11491203 38.79899979
26.15464592 38.79899979
26.19437981 38.79899979
26.23411369 38.79899979
26.27384758 38.79899979
26.31358147 38.79899979
26.35331535 38.79899979
26.39304924 38.79899979
26.43278313 38.79899979
26.47251701 38.79899979
26.51225090 38.79899979
26.55198479 38.79899979
26.59172058 38.79899979
26.63145447 38.79899979
26.67118835 38.79899979
26.71092224 38.79899979
26.75065613 38.79899979
26.79039001 38.79899979
26.83012390 38.79899979
26.86985779 38.79899979
