31.37711334 41.32661438
31.36284637 41.33657837
31.34421730 41.34958649
31.32951164 41.35985947
31.31489182 41.37006760
31.29622841 41.38310242
31.27307701 41.39926910
31.24454308 41.41919708
31.21329880 41.44101715
31.18199730 41.46287918
31.15067482 41.48475266
31.11844254 41.50726318
31.08584976 41.53002548
31.05309677 41.55289841
31.02042389 41.57571411
30.98768997 41.59857559
30.95520782 41.62126160
30.92244530 41.64414215
30.88968468 41.66701889
30.85692215 41.68989944
30.82416344 41.71278000
30.79139900 41.73566055
30.75863838 41.75853729
30.72587585 41.78141785
30.69311523 41.80429840
30.66035461 41.82717896
30.62759209 41.85005951
30.59483147 41.87293625
30.56206894 41.89581680
30.52930832 41.91869736
30.49654579 41.94157791
30.46378517 41.96445465
30.43102264 41.98733521
30.39826202 42.01021576
30.36549950 42.03309631
30.33273888 42.05597305
30.29997826 42.07885361
30.26721573 42.10173416
30.23445511 42.12461472
30.20169258 42.14749146
30.16893196 42.17037201
30.13616943 42.19325256
30.10340881 42.21613312
30.07064629 42.23900986
30.03788567 42.26189041
30.00512314 42.28477097
29.97236443 42.30765152
29.93960190 42.33053207
29.90683937 42.35340881
29.87407875 42.37628937
29.84131622 42.39916992
29.80855751 42.42205048
29.77579308 42.44492722
29.74303246 42.46780777
29.71026993 42.49068832
29.67750931 42.51356888
29.64474678 42.53644562
29.61198616 42.55932617
29.57922554 42.58220673
29.54646301 42.60508728
29.51370239 42.62796402
29.48093987 42.65084457
29.44817924 42.67372513
29.41541672 42.69660568
29.38265610 42.71948242
29.34989548 42.74236298
29.31713295 42.76524353
29.28437042 42.78812408
29.25160980 42.81100082
29.21884727 42.83388138
29.18608665 42.85676193
29.15332603 42.87964249
29.12056541 42.90252304
29.08780289 42.92539978
29.05504036 42.94828033
29.02227974 42.97116089
28.98951721 42.99404144
28.95675850 43.01691818
28.92399406 43.03979874
28.89123344 43.06267929
28.85847092 43.08555984
28.82571030 43.10843658
28.79294968 43.13131714
28.76018715 43.15419769
28.72742844 43.17707825
28.69466400 43.19995499
28.66190338 43.22283554
28.62914085 43.24571609
28.59638023 43.26859665
28.56361771 43.29147339
28.53085709 43.31435394
28.49809647 43.33723450
