   2.0060000e+03	   7.3528634e-01	
   2.0070000e+03	   6.6143380e-01	
   2.0080000e+03	   8.3535348e-01	
   2.0090000e+03	   9.6874581e-01	
   2.0100000e+03	   9.5934640e-01	
   2.0110000e+03	   8.3855782e-01	
   2.0120000e+03	   8.3715401e-01	
   2.0130000e+03	   8.6327706e-01	
   2.0140000e+03	   9.2876778e-01	
   2.0150000e+03	   9.2699776e-01	
   2.0160000e+03	   1.0170246e+00	
   2.0170000e+03	   7.9857980e-01	
   2.0180000e+03	   9.3242989e-01	
   2.0190000e+03	   9.7332345e-01	
   2.0200000e+03	   9.8235665e-01	
   2.0210000e+03	   1.0127522e+00	
   2.0220000e+03	   1.0698811e+00	
   2.0230000e+03	   1.0876728e+00	
   2.0240000e+03	   1.1173359e+00	
   2.0250000e+03	   1.1643330e+00	
   2.0260000e+03	   1.0776325e+00	
   2.0270000e+03	   1.2370564e+00	
   2.0280000e+03	   1.2619892e+00	
   2.0290000e+03	   1.1773029e+00	
   2.0300000e+03	   1.3060871e+00	
   2.0310000e+03	   1.3607136e+00	
   2.0320000e+03	   1.3252522e+00	
   2.0330000e+03	   1.3239094e+00	
   2.0340000e+03	   1.2766071e+00	
   2.0350000e+03	   1.2876240e+00	
   2.0360000e+03	   1.2036091e+00	
   2.0370000e+03	   1.1343037e+00	
   2.0380000e+03	   1.1514851e+00	
   2.0390000e+03	   1.1603657e+00	
   2.0400000e+03	   1.3998371e+00	
   2.0410000e+03	   1.4316975e+00	
   2.0420000e+03	   1.3733479e+00	
   2.0430000e+03	   1.3086811e+00	
   2.0440000e+03	   1.3810078e+00	
   2.0450000e+03	   1.3099323e+00	
   2.0460000e+03	   1.3812824e+00	
   2.0470000e+03	   1.3601338e+00	
   2.0480000e+03	   1.2943989e+00	
   2.0490000e+03	   1.3013874e+00	
   2.0500000e+03	   1.2423969e+00	
   2.0510000e+03	   1.3342548e+00	
   2.0520000e+03	   1.4542500e+00	
   2.0530000e+03	   1.3909565e+00	
   2.0540000e+03	   1.2588459e+00	
   2.0550000e+03	   1.2880817e+00	
   2.0560000e+03	   1.3480793e+00	
   2.0570000e+03	   1.4058186e+00	
   2.0580000e+03	   1.4859577e+00	
   2.0590000e+03	   1.4165302e+00	
   2.0600000e+03	   1.4032551e+00	
   2.0610000e+03	   1.2481342e+00	
   2.0620000e+03	   1.2788044e+00	
   2.0630000e+03	   1.4022480e+00	
   2.0640000e+03	   1.2925373e+00	
   2.0650000e+03	   1.3132282e+00	
   2.0660000e+03	   1.2275959e+00	
   2.0670000e+03	   1.3604694e+00	
   2.0680000e+03	   1.4774738e+00	
   2.0690000e+03	   1.5289265e+00	
   2.0700000e+03	   1.4838215e+00	
   2.0710000e+03	   1.4034382e+00	
   2.0720000e+03	   1.4101215e+00	
   2.0730000e+03	   1.3674580e+00	
   2.0740000e+03	   1.3458820e+00	
   2.0750000e+03	   1.2987019e+00	
   2.0760000e+03	   1.4551960e+00	
   2.0770000e+03	   1.4181171e+00	
   2.0780000e+03	   1.3621174e+00	
   2.0790000e+03	   1.2999531e+00	
   2.0800000e+03	   1.3453327e+00	
   2.0810000e+03	   1.3915974e+00	
   2.0820000e+03	   1.6098896e+00	
   2.0830000e+03	   1.5676533e+00	
   2.0840000e+03	   1.3902546e+00	
   2.0850000e+03	   1.4007526e+00	
   2.0860000e+03	   1.4515034e+00	
   2.0870000e+03	   1.4083210e+00	
   2.0880000e+03	   1.3760944e+00	
   2.0890000e+03	   1.4144856e+00	
   2.0900000e+03	   1.2292744e+00	
   2.0910000e+03	   1.3693195e+00	
   2.0920000e+03	   1.4889484e+00	
   2.0930000e+03	   1.2554279e+00	
   2.0940000e+03	   1.2874714e+00	
   2.0950000e+03	   1.4119526e+00	
   2.0960000e+03	   1.3702656e+00	
   2.0970000e+03	   1.3181416e+00	
   2.0980000e+03	   1.2422443e+00	
   2.0990000e+03	   1.3854328e+00	
   2.1000000e+03	   1.3354450e+00	
