   2.0060000e+03	   7.9095040e-01	
   2.0070000e+03	   6.4715157e-01	
   2.0080000e+03	   7.0534859e-01	
   2.0090000e+03	   6.4309274e-01	
   2.0100000e+03	   7.2225533e-01	
   2.0110000e+03	   7.6369820e-01	
   2.0120000e+03	   8.6770211e-01	
   2.0130000e+03	   9.0078316e-01	
   2.0140000e+03	   8.9944039e-01	
   2.0150000e+03	   7.3659859e-01	
   2.0160000e+03	   9.2223702e-01	
   2.0170000e+03	   9.1363107e-01	
   2.0180000e+03	   9.3139230e-01	
   2.0190000e+03	   1.0687214e+00	
   2.0200000e+03	   1.0056721e+00	
   2.0210000e+03	   1.0349384e+00	
   2.0220000e+03	   1.0375324e+00	
   2.0230000e+03	   1.2936359e+00	
   2.0240000e+03	   1.1624714e+00	
   2.0250000e+03	   1.1262775e+00	
   2.0260000e+03	   1.0319172e+00	
   2.0270000e+03	   1.0479084e+00	
   2.0280000e+03	   1.2418476e+00	
   2.0290000e+03	   1.2692829e+00	
   2.0300000e+03	   1.2871662e+00	
   2.0310000e+03	   1.2028156e+00	
   2.0320000e+03	   1.2909809e+00	
   2.0330000e+03	   1.2964130e+00	
   2.0340000e+03	   1.2111775e+00	
   2.0350000e+03	   1.3001667e+00	
   2.0360000e+03	   1.3993488e+00	
   2.0370000e+03	   1.4141193e+00	
   2.0380000e+03	   1.4851032e+00	
   2.0390000e+03	   1.5016438e+00	
   2.0400000e+03	   1.5750080e+00	
   2.0410000e+03	   1.4947773e+00	
   2.0420000e+03	   1.5299030e+00	
   2.0430000e+03	   1.5693317e+00	
   2.0440000e+03	   1.6645161e+00	
   2.0450000e+03	   1.6900898e+00	
   2.0460000e+03	   1.4503742e+00	
   2.0470000e+03	   1.4788776e+00	
   2.0480000e+03	   1.5394856e+00	
   2.0490000e+03	   1.5606037e+00	
   2.0500000e+03	   1.5458332e+00	
   2.0510000e+03	   1.6371418e+00	
   2.0520000e+03	   1.6555134e+00	
   2.0530000e+03	   1.6071735e+00	
   2.0540000e+03	   1.6200825e+00	
   2.0550000e+03	   1.6890827e+00	
   2.0560000e+03	   1.6489521e+00	
   2.0570000e+03	   1.7647053e+00	
   2.0580000e+03	   1.7649494e+00	
   2.0590000e+03	   1.7073322e+00	
   2.0600000e+03	   1.7864338e+00	
   2.0610000e+03	   1.8036762e+00	
   2.0620000e+03	   1.8070026e+00	
   2.0630000e+03	   1.8176838e+00	
   2.0640000e+03	   1.7799030e+00	
   2.0650000e+03	   1.8564716e+00	
   2.0660000e+03	   1.9065815e+00	
   2.0670000e+03	   1.7889362e+00	
   2.0680000e+03	   1.8050190e+00	
   2.0690000e+03	   1.8681294e+00	
   2.0700000e+03	   1.8791462e+00	
   2.0710000e+03	   2.0207783e+00	
   2.0720000e+03	   1.9647785e+00	
   2.0730000e+03	   2.0521809e+00	
   2.0740000e+03	   1.9866291e+00	
   2.0750000e+03	   1.9158588e+00	
   2.0760000e+03	   1.9273029e+00	
   2.0770000e+03	   1.9644734e+00	
   2.0780000e+03	   1.9666401e+00	
   2.0790000e+03	   2.0667072e+00	
   2.0800000e+03	   2.0032307e+00	
   2.0810000e+03	   2.0334736e+00	
   2.0820000e+03	   2.0223957e+00	
   2.0830000e+03	   2.0477253e+00	
   2.0840000e+03	   2.1368671e+00	
   2.0850000e+03	   2.0963703e+00	
   2.0860000e+03	   1.9178425e+00	
   2.0870000e+03	   1.9068867e+00	
   2.0880000e+03	   1.8666035e+00	
   2.0890000e+03	   2.1056171e+00	
   2.0900000e+03	   2.1983296e+00	
   2.0910000e+03	   2.2226521e+00	
   2.0920000e+03	   2.1600910e+00	
   2.0930000e+03	   2.1213337e+00	
   2.0940000e+03	   2.1794697e+00	
   2.0950000e+03	   2.2523762e+00	
   2.0960000e+03	   2.2494465e+00	
   2.0970000e+03	   2.2131916e+00	
   2.0980000e+03	   2.2020832e+00	
   2.0990000e+03	   2.1668049e+00	
   2.1000000e+03	   2.1614948e+00	
