   2.0060000e+03	   8.2735787e-01	
   2.0070000e+03	   6.9411813e-01	
   2.0080000e+03	   8.1133614e-01	
   2.0090000e+03	   8.0572091e-01	
   2.0100000e+03	   8.1896554e-01	
   2.0110000e+03	   8.2958566e-01	
   2.0120000e+03	   6.8767892e-01	
   2.0130000e+03	   7.6317941e-01	
   2.0140000e+03	   9.1241036e-01	
   2.0150000e+03	   8.2155953e-01	
   2.0160000e+03	   7.5356637e-01	
   2.0170000e+03	   8.6986886e-01	
   2.0180000e+03	   8.8915597e-01	
   2.0190000e+03	   7.3284493e-01	
   2.0200000e+03	   8.5656319e-01	
   2.0210000e+03	   9.9584542e-01	
   2.0220000e+03	   1.0822712e+00	
   2.0230000e+03	   1.2635456e+00	
   2.0240000e+03	   1.1876484e+00	
   2.0250000e+03	   1.0659748e+00	
   2.0260000e+03	   1.1127583e+00	
   2.0270000e+03	   1.0116535e+00	
   2.0280000e+03	   1.0332600e+00	
   2.0290000e+03	   1.1568867e+00	
   2.0300000e+03	   1.1323505e+00	
   2.0310000e+03	   1.1510578e+00	
   2.0320000e+03	   9.9041329e-01	
   2.0330000e+03	   1.1233479e+00	
   2.0340000e+03	   1.1325031e+00	
   2.0350000e+03	   1.1799885e+00	
   2.0360000e+03	   1.2177387e+00	
   2.0370000e+03	   1.3356281e+00	
   2.0380000e+03	   1.2622639e+00	
   2.0390000e+03	   1.1764790e+00	
   2.0400000e+03	   1.2139851e+00	
   2.0410000e+03	   1.1518818e+00	
   2.0420000e+03	   1.3701740e+00	
   2.0430000e+03	   1.2504841e+00	
   2.0440000e+03	   1.2905842e+00	
   2.0450000e+03	   1.2895466e+00	
   2.0460000e+03	   1.3640095e+00	
   2.0470000e+03	   1.5008808e+00	
   2.0480000e+03	   1.5878864e+00	
   2.0490000e+03	   1.4031025e+00	
   2.0500000e+03	   1.4187580e+00	
   2.0510000e+03	   1.4139973e+00	
   2.0520000e+03	   1.6456257e+00	
   2.0530000e+03	   1.5215412e+00	
   2.0540000e+03	   1.4928852e+00	
   2.0550000e+03	   1.4945026e+00	
   2.0560000e+03	   1.5864826e+00	
   2.0570000e+03	   1.5195881e+00	
   2.0580000e+03	   1.5591694e+00	
   2.0590000e+03	   1.5075947e+00	
   2.0600000e+03	   1.7259480e+00	
   2.0610000e+03	   1.7992817e+00	
   2.0620000e+03	   1.6604572e+00	
   2.0630000e+03	   1.5674397e+00	
   2.0640000e+03	   1.7416035e+00	
   2.0650000e+03	   1.7763630e+00	
   2.0660000e+03	   1.8019062e+00	
   2.0670000e+03	   2.0060383e+00	
   2.0680000e+03	   1.9762531e+00	
   2.0690000e+03	   1.9504353e+00	
   2.0700000e+03	   1.9428059e+00	
   2.0710000e+03	   1.9645954e+00	
   2.0720000e+03	   2.0277058e+00	
   2.0730000e+03	   2.1294819e+00	
   2.0740000e+03	   2.0782429e+00	
   2.0750000e+03	   2.0604206e+00	
   2.0760000e+03	   2.1691853e+00	
   2.0770000e+03	   2.0726276e+00	
   2.0780000e+03	   1.9739643e+00	
   2.0790000e+03	   2.0327107e+00	
   2.0800000e+03	   2.0290791e+00	
   2.0810000e+03	   1.9997822e+00	
   2.0820000e+03	   2.0481525e+00	
   2.0830000e+03	   2.1888081e+00	
   2.0840000e+03	   2.4426228e+00	
   2.0850000e+03	   2.2943379e+00	
   2.0860000e+03	   2.1946980e+00	
   2.0870000e+03	   2.2072712e+00	
   2.0880000e+03	   2.3916279e+00	
   2.0890000e+03	   2.4512898e+00	
   2.0900000e+03	   2.4435383e+00	
   2.0910000e+03	   2.5299641e+00	
   2.0920000e+03	   2.5152546e+00	
   2.0930000e+03	   2.5764118e+00	
   2.0940000e+03	   2.5516926e+00	
   2.0950000e+03	   2.3457905e+00	
   2.0960000e+03	   2.2795063e+00	
   2.0970000e+03	   2.3320271e+00	
   2.0980000e+03	   2.4860798e+00	
   2.0990000e+03	   2.5910603e+00	
   2.1000000e+03	   2.5676838e+00	
