   2.0060000e+03	   7.9836617e-01	
   2.0070000e+03	   6.2926827e-01	
   2.0080000e+03	   7.0241891e-01	
   2.0090000e+03	   8.0053292e-01	
   2.0100000e+03	   9.5693551e-01	
   2.0110000e+03	   7.9357491e-01	
   2.0120000e+03	   7.4132882e-01	
   2.0130000e+03	   8.9126168e-01	
   2.0140000e+03	   8.6480294e-01	
   2.0150000e+03	   9.6996651e-01	
   2.0160000e+03	   1.0229450e+00	
   2.0170000e+03	   9.1210519e-01	
   2.0180000e+03	   9.2831002e-01	
   2.0190000e+03	   1.0324665e+00	
   2.0200000e+03	   9.9932442e-01	
   2.0210000e+03	   1.0870930e+00	
   2.0220000e+03	   1.0569111e+00	
   2.0230000e+03	   1.1530415e+00	
   2.0240000e+03	   1.1485554e+00	
   2.0250000e+03	   1.2658039e+00	
   2.0260000e+03	   1.2885090e+00	
   2.0270000e+03	   1.3436237e+00	
   2.0280000e+03	   1.4320332e+00	
   2.0290000e+03	   1.3167072e+00	
   2.0300000e+03	   1.2875935e+00	
   2.0310000e+03	   1.2944904e+00	
   2.0320000e+03	   1.3731037e+00	
   2.0330000e+03	   1.4611775e+00	
   2.0340000e+03	   1.5218769e+00	
   2.0350000e+03	   1.6501118e+00	
   2.0360000e+03	   1.6975361e+00	
   2.0370000e+03	   1.6844441e+00	
   2.0380000e+03	   1.5884052e+00	
   2.0390000e+03	   1.5769917e+00	
   2.0400000e+03	   1.6929279e+00	
   2.0410000e+03	   1.6649128e+00	
   2.0420000e+03	   1.6596027e+00	
   2.0430000e+03	   1.6570393e+00	
   2.0440000e+03	   1.8543049e+00	
   2.0450000e+03	   1.8942829e+00	
   2.0460000e+03	   1.8181721e+00	
   2.0470000e+03	   1.7719990e+00	
   2.0480000e+03	   1.8933674e+00	
   2.0490000e+03	   1.9211079e+00	
   2.0500000e+03	   2.0095783e+00	
   2.0510000e+03	   2.1029316e+00	
   2.0520000e+03	   2.0490986e+00	
   2.0530000e+03	   2.1581989e+00	
   2.0540000e+03	   2.1749531e+00	
   2.0550000e+03	   2.2401081e+00	
   2.0560000e+03	   2.1782185e+00	
   2.0570000e+03	   2.1710468e+00	
   2.0580000e+03	   2.1964985e+00	
   2.0590000e+03	   2.1719929e+00	
   2.0600000e+03	   2.3194538e+00	
   2.0610000e+03	   2.5545612e+00	
   2.0620000e+03	   2.5510822e+00	
   2.0630000e+03	   2.4661213e+00	
   2.0640000e+03	   2.5588642e+00	
   2.0650000e+03	   2.7128864e+00	
   2.0660000e+03	   2.7173420e+00	
   2.0670000e+03	   2.7241169e+00	
   2.0680000e+03	   2.7465778e+00	
   2.0690000e+03	   2.6855732e+00	
   2.0700000e+03	   2.8088337e+00	
   2.0710000e+03	   2.8729817e+00	
   2.0720000e+03	   2.8877522e+00	
   2.0730000e+03	   3.0279499e+00	
   2.0740000e+03	   3.1144367e+00	
   2.0750000e+03	   3.1360737e+00	
   2.0760000e+03	   3.0375629e+00	
   2.0770000e+03	   3.0301777e+00	
   2.0780000e+03	   3.0728108e+00	
   2.0790000e+03	   2.9825092e+00	
   2.0800000e+03	   3.1170002e+00	
   2.0810000e+03	   3.2399250e+00	
   2.0820000e+03	   3.2665058e+00	
   2.0830000e+03	   3.3745075e+00	
   2.0840000e+03	   3.3089863e+00	
   2.0850000e+03	   3.2608906e+00	
   2.0860000e+03	   3.3193012e+00	
   2.0870000e+03	   3.5798908e+00	
   2.0880000e+03	   3.7512165e+00	
   2.0890000e+03	   3.6026569e+00	
   2.0900000e+03	   3.5490070e+00	
   2.0910000e+03	   3.7401081e+00	
   2.0920000e+03	   3.7825275e+00	
   2.0930000e+03	   3.7209431e+00	
   2.0940000e+03	   3.8493610e+00	
   2.0950000e+03	   3.9648701e+00	
   2.0960000e+03	   4.0249592e+00	
   2.0970000e+03	   3.9841572e+00	
   2.0980000e+03	   3.9126240e+00	
   2.0990000e+03	   3.8704792e+00	
   2.1000000e+03	   3.9720112e+00	
